100
5253
15666
-5760
4804
-5917
7028
9445
9563
3341
7271
-10765
434
1983
-7575
12778
-3301
-2603
-9612
-6364
-12644
-2035
733
6389
3906
11789
2626
-11563
3256
-7512
-9538
14017
24
-12963
-6818
-5410
-13567
3360
-15911
2656
13546
-16290
-2437
7594
4790
-8645
-925
-8778
3208
13598
-11282
-14664
-2600
12911
15731
15870
-5177
-10337
-5583
-12517
11695
105
14725
-15292
-7169
-8616
-10655
7674
-14010
-12918
-14087
11754
-5747
-6477
-12097
-9967
-5142
-3484
6802
-15069
6738
8590
10034
-2770
7087
12098
-2568
6522
5170
-12358
-14396
5813
8171
4253
3638
2124
-9321
3711
-9439
-15844
-4167
